0.
0.
0.
0.
0.
0.
0.
0.
0.
0.
0.
0.
0.
0.
0.
0.
0.
0.
0.
0.
0.
0.
0.
0.
0.
0.
0.
0.
0.
0.
0.
0.
0.
0.
0.
0.
0.
0.
0.
0.
0.
0.
0.
0.
0.
0.
0.
0.
0.
0.
0.
0.
0.
0.
0.
0.
0.
0.
0.
0.
0.
0.
0.
0.
0.
0.
0.
0.
0.
0.
0.
0.
0.
0.
0.
0.
0.
0.
0.
0.
0.
0.
0.
0.
0.
0.
0.
0.
0.
0.
0.
0.
0.
0.
0.
0.
0.
0.
0.
0.
0.
0.
0.
0.
0.
0.
0.
0.
0.
0.
0.
0.
0.
0.
0.
0.
0.
0.
0.
2.767879817808029*^-7
0.
5.82408044997106*^-6
0.
0.00005837316996448267
0.
0.0003712916384626111
0.
0.0016847735424141855
0.
0.0058124687213289405
0.
0.01586803960922801
0.
0.03522632829350163
0.
0.06485319593798701
0.
0.10048867599766215
0.
0.1325437846589319
0.
0.15015449730592284
0.
0.14714567627212097
0.
0.12545112143712878
0.
0.09348197153276917
0.
0.06111209482291476
0.
0.035153600841422036
0.
0.01783528277983912
0.
0.007995500856898681
0.
0.00317136570983014
0.
0.0011139707250536447
0.
0.00034669497055240985
0.
0.00009561494110496022
0.
0.000023362131966245637
0.
5.054307396543527*^-6
0.
9.673382767273586*^-7
0.
1.6357510647578012*^-7
0.
2.4399330950725194*^-8
0.
3.204042366099846*^-9
0.
3.695249233968835*^-10
0.
3.7324497296128157*^-11
0.
3.2909771809489345*^-12
0.
2.5234003425943305*^-13
0.
1.675223911650542*^-14
0.
9.580528906498198*^-16
0.
4.692503954203199*^-17
0.
1.9552099809179997*^-18
0.
6.87643149907058*^-20
0.
2.022818853648822*^-21
0.
4.924096527869576*^-23
0.
9.793997024772034*^-25
0.
1.56763671890406*^-26
0.
1.9821493562007858*^-28
0.
1.9349146744423405*^-30
0.
1.4163834412747194*^-32
0.
7.484953144947705*^-35
0.
2.711939545270907*^-37
0.
6.256717740948005*^-40
0.
8.195550933128*^-43
0.
4.977861353940719*^-46
0.
8.836440273267548*^-50
0.