0.
0.
0.
0.
0.
0.
0.
0.
0.
0.
0.
0.
0.
0.
0.
0.
0.
0.
0.
0.
0.
0.
0.
0.
0.
0.
0.
0.
0.
0.
0.
0.
0.
0.
0.
0.
0.
0.
0.
0.
0.
0.
0.
0.
0.
0.
0.
0.
0.
0.
0.
0.
0.
0.
0.
0.
0.
0.
0.
0.
0.
0.
0.
0.
0.
0.
0.
0.
0.
0.
0.
0.
0.
0.
0.
0.
0.
0.
0.
0.
0.
0.
0.
0.
0.
0.
0.
0.
0.
4.674800518813173*^-13
0.
2.2114403565385646*^-11
0.
5.015838347138019*^-10
0.
7.270239604248422*^-9
0.
7.573166254425439*^-8
0.
6.044836851803624*^-7
0.
3.84960662667494*^-6
0.
0.000020110184617473777
0.
0.00008793022732872231
0.
0.00032674752842390864
0.
0.0010442718989224717
0.
0.0028978545195098584
0.
0.007036621989205869
0.
0.015047014819301088
0.
0.028487066890909823
0.
0.04796235973652222
0.
0.07208628472304679
0.
0.09702845926512207
0.
0.11728050527996063
0.
0.1275968460221794
0.
0.12519708882634942
0.
0.11097014691426425
0.
0.08897606374206773
0.
0.06460781336550377
0.
0.04252394795627737
0.
0.025387542964072262
0.
0.01375512361264116
0.
0.006765570857367083
0.
0.003021376729037864
0.
0.0012250614294389353
0.
0.00045090496310441487
0.
0.0001506046818971063
0.
0.00004562481711397357
0.
0.00001252812601080422
0.
3.1155550098604466*^-6
0.
7.009998772186005*^-7
0.
1.4253664170111545*^-7
0.
2.615617695737972*^-8
0.
4.325037134684836*^-9
0.
6.432972901649621*^-10
0.
8.589764203946879*^-11
0.
1.0273873696090309*^-11
0.
1.0979712346966741*^-12
0.
1.0455487180295144*^-13
0.
8.843927126189502*^-15
0.
6.621945435281194*^-16
0.
4.371976857432028*^-17
0.
2.534132393114153*^-18
0.
1.2832513487028784*^-19
0.
5.645774567274569*^-21
0.
2.14458199389998*^-22
0.
6.983407753245733*^-24
0.
1.9334857800175722*^-25
0.
4.508726473466435*^-27
0.
8.758209932918483*^-29
0.
1.39888075317448*^-30
0.
1.808897525656655*^-32
0.
1.8584563619760154*^-34
0.
1.482231205892201*^-36
0.
8.911719916323928*^-39
0.
3.887663050745338*^-41
0.
1.1684233212622602*^-43
0.
2.246487906720859*^-46
0.
2.4632542836851524*^-49
0.
1.2577891562934807*^-52
0.
1.8847989355047162*^-56
0.