0.
0.
0.
0.
0.
0.
0.
0.
0.
0.
0.
0.
0.
0.
0.
0.
0.
0.
0.
0.
0.
0.
0.
0.
0.
0.
0.
0.
0.
0.
0.
0.
0.
0.
0.
0.
0.
0.
0.
0.
0.
0.
0.
0.
0.
0.
0.
0.
0.
0.
0.
0.
0.
0.
0.
0.
0.
0.
0.
0.
0.
0.
0.
0.
0.
0.
0.
0.
0.
0.
0.
0.
0.
0.
0.
0.
0.
0.
0.
0.
0.
0.
0.
0.
0.
0.
0.
0.
0.
0.
0.
0.
0.
0.
0.
0.
0.
0.
0.
0.
0.
0.
0.
0.
0.
0.
0.
0.
0.
0.
0.
0.
0.
0.
0.
0.
0.
0.
0.
0.
0.
0.
0.
0.
0.
0.
0.
0.
0.
0.
0.
0.
0.
0.
0.
0.
0.
0.
0.
0.
0.
0.
0.
0.
0.
0.
0.
0.
0.
0.
0.
0.
0.
0.
0.
0.
0.
0.
0.
0.
0.
0.
0.
0.
0.
0.
0.
0.
0.
0.
0.
0.
0.
0.
0.
0.
0.
0.
0.
0.
0.
0.
0.
0.
0.
0.
0.
0.
0.
0.
0.
0.
0.
0.
0.
0.
0.
0.
0.
0.
0.
0.
0.
0.
0.
0.
0.
0.
0.
0.
0.
0.
0.
0.
0.
0.
0.
0.
0.
0.
0.
0.
0.
0.
0.
0.
0.
0.
0.
0.
0.
0.
0.
0.
0.
0.
0.
0.
0.
0.
0.
0.
0.
0.
0.
0.
0.
0.
0.
0.
0.
0.
0.
0.
0.
0.
0.
0.
0.
0.
0.
0.
0.
0.
0.
0.
0.
0.
3.195457328430572*^-33
0.
3.8809363809847955*^-31
0.
2.3220936012892363*^-29
0.
9.125999225288194*^-28
0.
2.6501465581156296*^-26
0.
6.065340919326837*^-25
0.
1.1395757318501664*^-23
0.
1.8077815018895821*^-22
0.
2.4716990833579977*^-21
0.
2.9587517005660267*^-20
0.
3.139469700118585*^-19
0.
2.9824962151126558*^-18
0.
2.5577567987640234*^-17
0.
1.993866999178859*^-16
0.
1.4211605206913142*^-15
0.
9.308852498959325*^-15
0.
5.6281273042233605*^-14
0.
3.1529710083567095*^-13
0.
1.6422642699704118*^-12
0.
7.97716391909798*^-12
0.
3.623377423877786*^-11
0.
1.5427563737306628*^-10
0.
6.171025494922651*^-10
0.
2.3236082326354878*^-9
0.
8.250997555527129*^-9
0.
2.7676605520556903*^-8
0.
8.78308603764612*^-8
0.
2.640715039378913*^-7
0.
7.531836729715025*^-7
0.
2.0403643387446394*^-6
0.
5.25564988731673*^-6
0.
0.000012885669599117094
0.
0.000030100118829187592
0.
0.00006705026470089794
0.
0.000142550377719186
0.
0.00028947606406143616
0.
0.0005618914500052163
0.
0.001043245955359707
0.
0.0018539417287197271
0.
0.0031553242777070277
0.
0.005146098272075268
0.
0.008046947653243909
0.
0.012070421479865865
0.
0.017376334339313373
0.
0.024017769819964393
0.
0.03188812953626157
0.
0.04068363687996595
0.
0.04989619295156918
0.
0.05884711205898081
0.
0.06676322875551338
0.
0.07288529086403782
0.
0.07658801954429643
0.
0.07748553539833114
0.
0.07549750058957481
0.
0.0708603180136796
0.
0.06408142071763409
0.
0.055848738194882494
0.
0.046917462248737316
0.
0.03799947201592783
0.
0.029676931767998366
0.
0.022352701199036575
0.
0.01623965119500487
0.
0.01138204291966617
0.
0.007696920262392582
0.
0.005022486795843051
0.
0.003162809252517381
0.
0.001922306222338408
0.
0.0011277329998948982
0.
0.0006386439638322867
0.
0.00034914898680677526
0.
0.00018428455398322103
0.
0.00009391093094358708
0.
0.000046207400458149775
0.
0.000021952830977315244
0.
0.000010070822176648884
0.
4.461109975277059*^-6
0.
1.9082234108599818*^-6
0.
7.881792349204272*^-7
0.
3.143605041012108*^-7
0.
1.2106887323709675*^-7
0.
4.5022487235045354*^-8
0.
1.6166145129977286*^-8
0.
5.6046391652708695*^-9
0.
1.8760044904451614*^-9
0.
6.062372465572076*^-10
0.
1.8912460411260597*^-10
0.
5.695356623651202*^-11
0.
1.6554982706436348*^-11
0.
4.644463196082388*^-12
0.
1.2574825998268576*^-12
0.
3.2853781891193316*^-13
0.
8.28208150738996*^-14
0.
2.0142562361722862*^-14
0.
4.725609639952048*^-15
0.
1.0693309694260836*^-15
0.
2.333550880213424*^-16
0.
4.910313536575465*^-17
0.
9.961397253623295*^-18
0.
1.947954732265914*^-18
0.
3.671213505405787*^-19
0.
6.66704343930078*^-20
0.
1.1664508504644811*^-20
0.
1.9657200341690777*^-21
0.
3.1901218935701294*^-22
0.
4.984565458703327*^-23
0.
7.496893357459963*^-24
0.
1.0850866230729812*^-24
0.
1.5110084751203198*^-25
0.
2.0238315347171542*^-26
0.
2.606557904628656*^-27
0.
3.227166929540241*^-28
0.
3.8397832289366703*^-29
0.
4.389225894919385*^-30
0.
4.818636608909129*^-31
0.
5.078888131462501*^-32
0.
5.137696916728613*^-33
0.
4.986140393996452*^-34
0.
4.6407800203863077*^-35
0.
4.140715289990769*^-36
0.
3.5402832506761017*^-37
0.
2.8992912445936374*^-38
0.
2.273223212342055*^-39
0.
1.7056340622238623*^-40
0.
1.2240858265788495*^-41
0.
8.39846574975408*^-43
0.
5.50580334800672*^-44
0.
3.4469496425761195*^-45
0.
2.059649467481694*^-46
0.
1.1739124273111216*^-47
0.
6.378090189977538*^-49
0.
3.3012225606416395*^-50
0.
1.6266426954662502*^-51
0.
7.624887634998048*^-53
0.
3.397623509754348*^-54
0.
1.4380674244894766*^-55
0.
5.776852047094478*^-57
0.
2.2005953943230824*^-58
0.
7.942132607248757*^-60
0.
2.713150890675041*^-61
0.
8.764398657855579*^-63
0.
2.674430472801519*^-64
0.
7.700656852185614*^-66
0.
2.089838170122513*^-67
0.
5.33900262440058*^-69
0.
1.2823757314878013*^-70
0.
2.8919569597967365*^-72
0.
6.114620135365345*^-74
0.
1.2102948632822971*^-75
0.
2.2390297707876437*^-77
0.
3.8648696009684834*^-79
0.
6.213378880025888*^-81
0.
9.285352591418351*^-83
0.
1.2872081834907959*^-84
0.
1.651650386808785*^-86
0.
1.9569317379251007*^-88
0.
2.135567236308106*^-90
0.
2.140603951488078*^-92
0.
1.964960539957209*^-94
0.
1.6465171220892997*^-96
0.
1.2550227721285151*^-98
0.
8.668600631086267*^-101
0.
5.40304995248612*^-103
0.
3.0249633670249594*^-105
0.
1.5134935497548478*^-107
0.
6.729201504245386*^-110
0.
2.6419497822672414*^-112
0.
9.094491505222861*^-115
0.
2.722901648270318*^-117
0.
7.025835675009421*^-120
0.
1.5459064590321734*^-122
0.
2.865096579995164*^-125
0.
4.4081931954527365*^-128
0.
5.533540612685121*^-131
0.
5.548554347979654*^-134
0.
4.328720820704987*^-137
0.
2.540558495221889*^-140
0.
1.0728709861578923*^-143
0.
3.064761910563395*^-147
0.
5.4046791388985144*^-151
0.
5.066063457405528*^-155
0.
1.8846962267133663*^-159
0.
1.1595419081773902*^-164