0.
0.
0.
0.
0.
0.
0.
0.
0.
0.
0.
0.
0.
0.
0.
0.
0.
0.
0.
0.
0.
0.
0.
0.
0.
0.
0.
0.
0.
0.
0.
0.
0.
0.
0.
0.
0.
0.
0.
0.
0.
0.
0.
0.
0.
0.
0.
0.
0.
0.
0.
0.
0.
0.
0.
0.
0.
0.
0.
0.
0.
0.
0.
0.
0.
0.
0.
0.
0.
0.
0.
0.
0.
0.
0.
0.
0.
0.
0.
0.
0.
0.
0.
0.
0.
0.
0.
1.538815519831243*^-13
0.
7.674842405158326*^-12
0.
1.8357101988742453*^-10
0.
2.8065969262788465*^-9
0.
3.0845579680160785*^-8
0.
2.598404810013544*^-7
0.
1.746938287592439*^-6
0.
9.63736471726528*^-6
0.
0.00004451574847363127
0.
0.00017481705390165613
0.
0.0005906833960439979
0.
0.0017336941234538117
0.
0.004454630733874379
0.
0.01008459865368638
0.
0.020222687045634888
0.
0.03608361806181911
0.
0.05750826628602421
0.
0.08213143233722349
0.
0.10540200483277015
0.
0.1218350880092795
0.
0.12710132429005444
0.
0.11987201616244551
0.
0.10235110637723402
0.
0.07921085623977242
0.
0.055617082055741104
0.
0.035455889810534956
0.
0.0205337632786335
0.
0.010807243830859738
0.
0.005170359975602306
0.
0.002248584020305046
0.
0.0008888633413599007
0.
0.000319290987027586
0.
0.00010418042315697887
0.
0.000030859504132105104
0.
8.292460334964073*^-6
0.
2.019709308750032*^-6
0.
4.454033739824765*^-7
0.
8.882826660722886*^-8
0.
1.5998438333154588*^-8
0.
2.5980369942729668*^-9
0.
3.7973276934009405*^-10
0.
4.985439749910915*^-11
0.
5.866035143167605*^-12
0.
6.170355392097588*^-13
0.
5.786046303658477*^-14
0.
4.821705253048731*^-15
0.
3.558352274847176*^-16
0.
2.316488460919883*^-17
0.
1.3244737264981735*^-18
0.
6.618393621306901*^-20
0.
2.874411828231829*^-21
0.
1.0782107454578045*^-22
0.
3.468234619797171*^-24
0.
9.488566412652638*^-26
0.
2.1870809107178068*^-27
0.
4.2005395212249813*^-29
0.
6.635467650286714*^-31
0.
8.488354084796602*^-33
0.
8.629658433413906*^-35
0.
6.8123609643852515*^-37
0.
4.054976764515031*^-39
0.
1.7517068433328112*^-41
0.
5.214541912930538*^-44
0.
9.932460786534357*^-47
0.
1.0791684422455584*^-49
0.
5.461378756303432*^-53
0.
8.112564997479847*^-57
0.