0.
0.
0.
0.
0.
0.
0.
0.
0.
0.
0.
0.
0.
0.
0.
0.
0.
0.
0.
0.
0.
0.
0.
0.
0.
0.
0.
0.
0.
0.
0.
0.
0.
0.
0.
0.
0.
0.
0.
0.
0.
0.
0.
0.
2.6580781572239433*^-28
0.
4.548267069027636*^-26
0.
3.720433024779074*^-24
0.
1.940166243347555*^-22
0.
7.25793960564782*^-21
0.
2.0778444242454615*^-19
0.
4.742679898340266*^-18
0.
8.87824363042241*^-17
0.
1.391600663273301*^-15
0.
1.8554675510310678*^-14
0.
2.1308670403183645*^-13
0.
2.1291059931776055*^-12
0.
1.8662944721447446*^-11
0.
1.445181873301828*^-10
0.
9.944524282110793*^-10
0.
6.1116686520226665*^-9
0.
3.369375660503121*^-8
0.
1.6726659498813953*^-7
0.
7.502266498325559*^-7
0.
3.0491667931791014*^-6
0.
0.000011259286599969548
0.
0.0000378608977976998
0.
0.0001161771557421842
0.
0.00032591424028128636
0.
0.0008372521154284885
0.
0.0019725174475950014
0.
0.004267465631816109
0.
0.008488182813831414
0.
0.015538511247244464
0.
0.026203346789165197
0.
0.040739122271533194
0.
0.05843654743034977
0.
0.07738277179253349
0.
0.09465000186194178
0.
0.10698091273799792
0.
0.1117786100904434
0.
0.10799443839467318
0.
0.09649953487518678
0.
0.07976076767363399
0.
0.060984831631833214
0.
0.04313406320626537
0.
0.02821970275761408
0.
0.01707479523166267
0.
0.009552939433271845
0.
0.004940537503906732
0.
0.002361095825837075
0.
0.0010422470100766316
0.
0.000424745508198169
0.
0.0001597123904807653
0.
0.00005537537348246855
0.
0.000017690664528495008
0.
5.203136626027943*^-6
0.
1.4076193937200994*^-6
0.
3.4991977925973296*^-7
0.
7.984280677553431*^-8
0.
1.6701736807591108*^-8
0.
3.1986808439538327*^-9
0.
5.600608460492379*^-10
0.
8.950938639951901*^-11
0.
1.3035347533910536*^-11
0.
1.7265568488424773*^-12
0.
2.075642113362541*^-13
0.
2.25977165567696*^-14
0.
2.222561352490468*^-15
0.
1.9695006197922624*^-16
0.
1.5678170071458518*^-17
0.
1.117555511291981*^-18
0.
7.10775523519036*^-20
0.
4.017710909597492*^-21
0.
2.0096283887944362*^-22
0.
8.85193456968978*^-24
0.
3.415014561484728*^-25
0.
1.1469247898664586*^-26
0.
3.330258141750166*^-28
0.
8.295134514780819*^-30
0.
1.7566167207771146*^-31
0.
3.129936591296943*^-33
0.
4.635947725651798*^-35
0.
5.626859629180145*^-37
0.
5.5012006254205397*^-39
0.
4.2423573371438635*^-41
0.
2.5139895331222895*^-43
0.
1.1071092117408456*^-45
0.
3.465952375244086*^-48
0.
7.252969535248505*^-51
0.
9.260517418465945*^-54
0.
6.21233279414084*^-57
0.
1.6352547497080386*^-60
0.
7.038803158178542*^-65