0.
0.
0.
0.
0.
0.
0.
0.
0.
0.
0.
0.
0.
0.
0.
0.
0.
0.
0.
0.
0.
0.
0.
0.
0.
0.
0.
0.
0.
0.
0.
0.
0.
0.
0.
0.
0.
0.
0.
0.
0.
0.
0.
0.
0.
0.
0.
0.
0.
0.
0.
0.
0.
0.
0.
0.
0.
0.
0.
0.
0.
0.
0.
0.
0.
0.
0.
0.
0.
0.
0.
0.
0.
0.
0.
0.
0.
0.
0.
0.
0.
0.
0.
0.
0.
0.
0.
0.
0.
0.
0.
0.
0.
0.
0.
0.
0.
0.
0.
0.
0.
0.
0.
0.
0.
0.
0.
0.
0.
0.
0.
0.
0.
0.
0.
0.
0.
0.
0.
0.
0.
0.
0.
0.
0.
0.
0.
0.
0.
0.
0.
0.
0.
0.
0.
0.
0.
0.
0.
0.
0.
0.
0.
0.
0.
0.
0.
0.
0.
0.
0.
0.
0.
0.
0.
0.
0.
0.
0.
0.
0.
0.
0.
0.
0.
0.
0.
0.
0.03260832054512197
0.
0.12792494983086314
0.
0.23045303462177547
0.
0.25336357022744904
0.
0.19057506917544315
0.
0.10421041354911514
0.
0.0429718228284426
0.
0.013680825227014378
0.
0.003415348059158774
0.
0.000675351311133091
0.
0.0001064247431308045
0.
0.000013404436920487312
0.
1.3497523287990698*^-6
0.
1.0841614540715008*^-7
0.
6.9142949877008984*^-9
0.
3.4760390102102876*^-10
0.
1.363731337225843*^-11
0.
4.1193792380430873*^-13
0.
9.412560086926408*^-15
0.
1.5895119764018702*^-16
0.
1.9234785884650293*^-18
0.
1.5992641325106065*^-20
0.
8.608479182174317*^-23
0.
2.7434260994864656*^-25
0.
4.4652117504662525*^-28
0.
2.7762974614297943*^-31
0.
2.7520791647797326*^-35