0.
0.
0.
0.
0.
0.
0.
0.
0.
0.
0.
0.
0.
0.
0.
0.
0.
0.
0.
0.
0.
0.
0.
0.
0.
0.
0.
0.
0.
0.
0.
0.
0.
0.
0.
0.
0.
0.
0.
0.
0.
0.
0.
0.
0.
0.
0.
0.
0.
0.
0.
0.
0.
0.
0.
0.
0.
0.
0.
0.
0.
0.
0.
0.
0.
0.
0.
0.
0.
0.
0.
0.
0.
0.
0.
0.
0.
0.
0.
0.
0.
0.
0.
0.
0.
0.
0.
0.
0.
0.
0.
0.
0.
0.
0.
0.
0.
0.
0.
0.
0.
0.
0.
0.
0.
0.
0.
0.
0.
0.
0.
0.
0.
0.
0.
0.
0.
0.
0.
0.
0.
0.
0.
0.
0.
0.
0.
0.
0.
0.
0.
0.
0.
0.
0.
0.
0.
0.
0.
0.
0.
0.
0.
0.
0.
0.
0.
0.
0.
0.
0.
0.
0.
0.
0.
0.
0.
0.
0.
0.
0.
0.
0.
0.
0.
0.
0.
0.
0.
0.
0.
0.
0.
0.
0.
0.
0.
0.
0.
0.
0.
0.
0.
0.
0.
0.
0.
0.
0.
0.
0.
0.
0.
0.
0.
0.
0.
0.
0.
0.
0.
0.
0.
0.
0.
0.
0.
0.
0.
0.
0.
0.
0.
0.
0.
0.
0.
0.
0.
0.
0.
0.
0.
0.
0.
0.
0.
0.
0.
0.
0.
0.
0.
0.
0.
0.
0.
0.
0.
0.
0.
0.
0.
0.
0.
0.
0.
0.
0.
0.
0.
0.
0.
0.
0.
0.
0.
0.
0.
0.
0.
0.
0.
0.
0.
0.
0.
0.
0.
0.
0.
0.
0.
0.
0.
0.
0.
0.
0.
0.
0.
0.
0.
0.
0.
0.
0.
0.
0.
0.
0.
0.
0.
0.
0.
0.
0.
0.
0.
0.
0.
0.
0.
0.
0.
0.
0.
0.
0.
0.
0.
0.
0.
0.
0.
0.
0.
0.
0.
0.
0.
0.
0.
0.
0.
0.
0.
0.
0.
0.
0.
0.
0.
0.
0.
0.
0.
0.
0.
0.
0.
0.
0.
0.
0.
0.
0.
0.
3.237211402541634*^-46
0.
5.601859834776415*^-44
0.
4.793791553609918*^-42
0.
2.704827458368278*^-40
0.
1.1320221594673061*^-38
0.
3.7483722983426496*^-37
0.
1.0228697391623783*^-35
0.
2.3659779721148294*^-34
0.
4.7354035596033514*^-33
0.
8.330802558561449*^-32
0.
1.3043174547727615*^-30
0.
1.8356889212803374*^-29
0.
2.3416719266077825*^-28
0.
2.7263288386516646*^-27
0.
2.914207754772244*^-26
0.
2.8744953185180475*^-25
0.
2.6279866154215777*^-24
0.
2.2355886139408216*^-23
0.
1.7756607104944505*^-22
0.
1.3208593296048638*^-21
0.
9.227261258328651*^-21
0.
6.068510975715616*^-20
0.
3.7657943570127157*^-19
0.
2.2094307827198476*^-18
0.
1.2278946221057576*^-17
0.
6.474987909148141*^-17
0.
3.2448518953799208*^-16
0.
1.5475940545965075*^-15
0.
7.0340707545141305*^-15
0.
3.0505850619709825*^-14
0.
1.263827261939398*^-13
0.
5.007118170802205*^-13
0.
1.898978390147785*^-12
0.
6.9006938413634104*^-12
0.
2.404855674428021*^-11
0.
8.043932766132308*^-11
0.
2.584456711329207*^-10
0.
7.981970727618706*^-10
0.
2.371327702563925*^-9
0.
6.781057685195719*^-9
0.
1.8676527144493147*^-8
0.
4.957260164322706*^-8
0.
1.2687468817998697*^-7
0.
3.1327400256372924*^-7
0.
7.466321347627838*^-7
0.
1.7184149155357417*^-6
0.
3.821064903086966*^-6
0.
8.212253683445727*^-6
0.
0.00001706630570689349
0.
0.00003430719604524083
0.
0.00006673611620649724
0.
0.00012566683870463222
0.
0.00022914562620047785
0.
0.00040473804460263194
0.
0.0006926953290077061
0.
0.0011490648254886232
0.
0.0018480064625095607
0.
0.0028822816843256114
0.
0.004360693410337456
0.
0.0064013010750175025
0.
0.00911963135791556
0.
0.012611913934112012
0.
0.016934545726045563
0.
0.02208233892921648
0.
0.027969315624564152
0.
0.0344164799041247
0.
0.04115076880060408
0.
0.047818066532908404
0.
0.05401085099074599
0.
0.0593081304366114
0.
0.0633224760391305
0.
0.06574690375799734
0.
0.06639371936209801
0.
0.0652184945765912
0.
0.06232493033181511
0.
0.057949906853518744
0.
0.05243168164311587
0.
0.04616711708315917
0.
0.039565363838286446
0.
0.03300534605310469
0.
0.026802866521016433
0.
0.02119068611850368
0.
0.01631220073657079
0.
0.01222696867890334
0.
0.008924763913206906
0.
0.006344208620057936
0.
0.004392281718106501
0.
0.0029618451432442314
0.
0.0019454477788122784
0.
0.00124476044470068
0.
0.0007758596272581952
0.
0.00047112074990686377
0.
0.0002787095888931477
0.
0.00016064213717224097
0.
0.00009021331148482028
0.
0.00004936276908334184
0.
0.000026318356062394075
0.
0.000013672863076547829
0.
6.9216757770484925*^-6
0.
3.41446189440193*^-6
0.
1.6413425028324276*^-6
0.
7.688601465891036*^-7
0.
3.5097041876706304*^-7
0.
1.5612452873662822*^-7
0.
6.767842887020597*^-8
0.
2.8589565253632886*^-8
0.
1.176904626500487*^-8
0.
4.7211558705051884*^-9
0.
1.8455436208786271*^-9
0.
7.030130730165209*^-10
0.
2.609506941632681*^-10
0.
9.438456872638726*^-11
0.
3.326451488061678*^-11
0.
1.142320286217637*^-11
0.
3.822157523329215*^-12
0.
1.2460326845703543*^-12
0.
3.9576307519085333*^-13
0.
1.224643207579821*^-13
0.
3.6917687732681496*^-14
0.
1.084153570614079*^-14
0.
3.1014012088141887*^-15
0.
8.641994980524551*^-16
0.
2.345501340851296*^-16
0.
6.200094511555891*^-17
0.
1.5961578057146734*^-17
0.
4.001665480610335*^-18
0.
9.769319459520292*^-19
0.
2.322288289258532*^-19
0.
5.374827388225314*^-20
0.
1.2110896874481006*^-20
0.
2.656542965040447*^-21
0.
5.672180057947044*^-22
0.
1.178794679814042*^-22
0.
2.3841971397486267*^-23
0.
4.692683801798232*^-24
0.
8.987383684818084*^-25
0.
1.6746893927159732*^-25
0.
3.0358392257150865*^-26
0.
5.353276167907121*^-27
0.
9.181383054289463*^-28
0.
1.5314176023881085*^-28
0.
2.4838421220766386*^-29
0.
3.91692407077981*^-30
0.
6.004838234781861*^-31
0.
8.948181976020423*^-32
0.
1.2959435965270958*^-32
0.
1.823869374486757*^-33
0.
2.4939875319375017*^-34
0.
3.3130066774314175*^-35
0.
4.274746303709126*^-36
0.
5.356594749112353*^-37
0.
6.517572981706732*^-38
0.
7.698883084641077*^-39
0.
8.827506220358032*^-40
0.
9.82286726608242*^-41
0.
1.0605899653162549*^-41
0.
1.110918887281494*^-42
0.
1.1286437077697461*^-43
0.
1.1119430335028277*^-44
0.
1.0621067765709962*^-45
0.
9.833765436866429*^-47
0.
8.823497206467297*^-48
0.
7.670632859531755*^-49
0.
6.459344587991275*^-50
0.
5.267525970163664*^-51
0.
4.158884288334073*^-52
0.
3.1782388310536687*^-53
0.
2.3502818400675933*^-54
0.
1.6813483793811345*^-55
0.
1.1632599262196513*^-56
0.
7.781265722685506*^-58
0.
5.030918964356717*^-59
0.
3.142918125373788*^-60
0.
1.8965674818221993*^-61
0.
1.1051199407169586*^-62
0.
6.21596007081224*^-64
0.
3.3737409063205528*^-65
0.
1.7662899660209297*^-66
0.
8.91653087153194*^-68
0.
4.3385534966906174*^-69
0.
2.033925200389841*^-70
0.
9.183029213135678*^-72
0.
3.9912761741728527*^-73
0.
1.6692441698659578*^-74
0.
6.714458277671635*^-76
0.
2.5964433256692805*^-77
0.
9.647390452843705*^-79
0.
3.442569235509223*^-80
0.
1.1791469232653305*^-81
0.
3.874607105012048*^-83
0.
1.220717294237067*^-84
0.
3.6853095712331385*^-86
0.
1.065462523126093*^-87
0.
2.9480248908768865*^-89
0.
7.801269885176072*^-91
0.
1.9730651888843103*^-92
0.
4.7659339304204883*^-94
0.
1.0986528643217723*^-95
0.
2.415129807285947*^-97
0.
5.058653377134264*^-99
0.
1.0087305616539172*^-100
0.
1.9132688701679656*^-102
0.
3.44853367462768*^-104
0.
5.901042844838653*^-106
0.
9.576722612019251*^-108
0.
1.4724321891897459*^-109
0.
2.1423834164151037*^-111
0.
2.946394914859088*^-113
0.
3.825411563244433*^-115
0.
4.6826483963331564*^-117
0.
5.396754274831821*^-119
0.
5.847486594405265*^-121
0.
5.9474730986728084*^-123
0.
5.669095143136692*^-125
0.
5.0554632495876734*^-127
0.
4.2099276761405884*^-129
0.
3.267407586182465*^-131
0.
2.3585136933823918*^-133
0.
1.5798226469191062*^-135
0.
9.796521289875511*^-138
0.
5.60932376993112*^-140
0.
2.957464202072647*^-142
0.
1.4315211188315918*^-144
0.
6.340680821319043*^-147
0.
2.5609564849467756*^-149
0.
9.395636357415746*^-152
0.
3.118020915071597*^-154
0.
9.316438665986768*^-157
0.
2.4935491221174075*^-159
0.
5.9445253908333515*^-162
0.
1.254279654076091*^-164
0.
2.3257097564159025*^-167
0.
3.759229132137774*^-170
0.
5.2484195960349495*^-173
0.
6.262432698590765*^-176
0.
6.307913670344336*^-179
0.
5.286191294148847*^-182
0.
3.62211527962884*^-185
0.
1.9867770305131377*^-188
0.
8.496975745816844*^-192
0.
2.7396003148715024*^-195
0.
6.368964232982239*^-199
0.
1.0036538397681774*^-202
0.
9.78404027264557*^-207
0.
5.0800497095731184*^-211
0.
1.0489829733777992*^-215
0.
3.589358946435216*^-221